[-0.10661808  0.10796411  0.025468   -0.03906287  0.03183955  0.02843019
 -0.09431125 -0.04306552  0.14908902 -0.07362092  0.2778416   0.04581003
 -0.2153537  -0.17227387  0.05900441  0.1113824  -0.20163144 -0.08871251
 -0.04609976 -0.05748188  0.04202487 -0.00310568  0.08940289  0.06098654
 -0.15853529 -0.37968433 -0.06772117 -0.18617652 -0.01853586 -0.14288634
 -0.14755836 -0.03860116 -0.18969491 -0.09279752 -0.00479761 -0.04225125
 -0.00728709  0.00734548  0.16343461  0.07814216 -0.11177404  0.07819451
 -0.01558104  0.26249334  0.27948913  0.10294413 -0.00482865 -0.06955909
  0.10502139 -0.23314089  0.10374793  0.16087826  0.08502074  0.01342566
  0.0907843  -0.17131218 -0.03306329  0.09596428 -0.11193031  0.07539181
 -0.0087477  -0.02875262 -0.01827257  0.02495737  0.21257345  0.10851474
 -0.11733983 -0.06504457  0.14414801 -0.01933358 -0.00060359  0.03001721
 -0.1732485  -0.22920744 -0.22819017  0.07505334  0.33004206  0.15102145
 -0.24482822  0.01447205 -0.17658992  0.02728921  0.09166569  0.05289098
 -0.06538691 -0.08397046 -0.07769886  0.02045968  0.09958801  0.0530907
 -0.03241255  0.23928772 -0.03665422  0.04993713  0.08211555  0.05104901
 -0.1319029  -0.02595857 -0.15513401 -0.07796356  0.0119656  -0.07175469
 -0.01701346  0.14572284 -0.22157389  0.08138483  0.01877448 -0.00560343
  0.02994855  0.05366924 -0.0214118  -0.03672067  0.04381596 -0.26849562
  0.20784774  0.21672593  0.0561906   0.16284165  0.04356675  0.02914484
 -0.03583918 -0.0234695  -0.19745509 -0.03832702  0.03800686  0.04547798
  0.05005573  0.00498067]